8.018764462741655441e-01
-2.161394702595579864e-01
3.753511062779680274e-01
2.011835617187833769e+00
8.805273243679583306e-01
5.346426416947462901e-01
1.404226667000996187e+00
9.129592341509303877e-01
1.288510241222182273e+00
1.045223270725136600e-01
4.697056457225942117e-01
2.067900481483877062e+00
5.915550653473480303e-01
1.132236776780264575e+00
1.452727501230200780e+00
1.101725906457914794e+00
2.850468364208416649e-01
1.089058054260179931e-01
4.234070571442983266e-01
7.071686683839459656e-03
3.964511200286566783e-01
1.014866930095799757e+00
2.041299043881481812e-01
1.869952449063437827e-01
6.500620503138649919e-01
-1.195079078837373715e-01
1.448754273572258056e-01
5.581915712399101448e-01
4.202709185761084321e-01
9.274292615236546800e-01
4.093184019048728417e-01
8.579189517340992666e-01
5.903973365897541292e-01
2.037373396634253875e-01
4.056654175098376447e-01
5.101119512631739628e-02
1.411919390195881086e+00
1.912986656078310421e+00
1.820424663497804296e+00
2.986960037997462569e-01
6.081381118723698798e-01
3.650836295705270351e-01
3.659828684156435363e-01
4.708636438325425888e-01
5.191492937430310928e-01
7.090324296855644581e-01
1.331574643397365199e-01
8.418990418975543788e-01
1.278642113276359460e+00
3.791101351604119762e-01
-1.254798170854435901e-01
9.519889422586260697e-01
7.951046381574387034e-01
9.913131092046698623e-01
2.846556574424947139e-01
6.977308298570974454e-01
8.594895996425393481e-01
4.189928100787143062e-01
1.704808706297980647e+00
2.109745023497743843e-01
7.167855705196497507e-01
1.567327818867774725e-01
4.744954560197728322e-01
9.134325775984964979e-01
7.715989948296482215e-01
3.334058049006178859e-01
5.431082086702175848e-01
1.058148429652588263e+00
4.083116027331761266e-01
5.880600244364324602e-01
-3.343957477215633856e-01
6.962644893196713314e-01
5.391430261898227938e-01
6.399274197256704655e-01
9.280492850136824456e-01
1.705787988030109892e+00
4.466230450725575674e-01
2.372132814606481843e-01
7.296862956274925427e-01
5.911264024792916016e-01
7.445675417411798946e-01
5.524084425639723683e-01
3.628781011669145878e-02
3.342931210953393739e-01
7.563312787551331740e-01
8.400655648936281583e-01
3.686187315227683059e-01
-9.867952837639389074e-02
7.811847300885162992e-01
3.355919372163593817e-01
1.782711916101154426e+00
1.088187356653752547e+00
2.740613386163626153e-01
8.325271027820607683e-01
5.665310178146337750e-01
5.725850929444821213e-01
2.631320126040168073e-01
2.746188579232365368e-01
7.065964389691455905e-01
8.123194532640902743e-01
9.285865499337251361e-01
1.070446706467612419e+00
-1.265910996377739295e-01
1.741142406329136971e-01
-4.534137842531853896e-02
5.167246968021340647e-01
1.149315743556011071e+00
9.920924424986615753e-02
1.658483697188048112e+00
4.184265949683249053e-01
6.659196455371596546e-01
1.451244421605031754e+00
1.756895585359398160e-01
9.671655676498143173e-01
1.393676211777817864e-01
4.851801267510403304e-01
5.987461597176388928e-01
-2.410084583357515742e-01
1.955651649530868175e-01
1.152897805526678310e+00
5.814631859557218840e-01
2.585040353794652024e-01
1.630304733594957201e-01
7.283752563516626699e-01
6.761446177820542580e-01
1.075353862778545944e+00
1.275091709788052363e-01
4.080018520067248411e-01
1.074050609297481751e+00
4.590664681358204713e-01
1.013531574785810019e+00
1.816971747315902774e-01
1.337493371798447739e-01
1.113562861022427963e+00
7.475197040316241548e-01
6.522306517940672232e-02
4.492976575246612758e-01
3.933369883600421613e-01
7.987980048439043967e-01
6.025154387934880118e-01
2.396037045207833338e-01
7.011032555290275248e-02
8.804729588273793039e-01
1.120879459303567360e+00
5.440143403508135300e-01
1.004299982182271789e+00
8.580068219120018380e-01
2.118744865819239750e-04
8.732522822453606670e-01
4.525667428597123232e-01
5.251431201287969364e-01
6.264937345776688815e-01
2.452356798185425027e-02
6.926408906308316737e-01
1.374618833953892283e-01
4.596867033305239714e-01
8.629703738933015567e-01
9.156075047005818313e-01
3.458313354443731114e-01
7.555205458266963658e-01
-3.580740595185101238e-01
2.182251938979464345e+00
2.579363499975773077e+00
3.614204533668079478e-01
2.915536819348542030e-01
7.674380323938970738e-01
-2.419309562419320880e-01
5.422930018109003436e-01
