5.394637259706124288e-01
1.858889575246947201e+00
-3.395505910295690960e-02
5.039986068136054209e-01
1.854061670510790405e+00
3.155834871636430394e-01
4.778560780468973923e-01
1.604877357416042427e+00
4.300084457561003104e-01
3.056111321554313975e-01
2.843018045934405658e-01
1.875313358533658770e+00
1.127345960341350262e+00
1.461370664612650971e+00
4.428073587902120467e-01
1.754151812482170225e+00
-8.114460512533087921e-02
3.315661846490402520e-01
2.217298121892250229e-01
7.417558673400526104e-01
8.157874896804908627e-01
1.358790229151034312e+00
1.486969789907164996e+00
9.870595819810284999e-01
2.383026504422289249e-01
1.426890303093499179e+00
2.296996557253676852e-01
1.209761260129174065e+00
5.664565294239360949e-01
4.876826428879495468e-01
1.164030318456471536e+00
4.042594008220926627e-01
8.811063986250446817e-03
7.973007621811141477e-02
5.638971876248518589e-01
1.509152841028447156e+00
5.231736033289492438e-01
8.655033953189044116e-01
1.267483441978252356e+00
2.449902677374835858e-01
3.125911174711912266e-01
-1.990135102518486299e-01
8.212014154595312920e-01
5.415718760916073959e-01
2.255092761010238700e+00
-2.425768331835724545e-01
7.360038491205735944e-01
7.388582390206972494e-01
3.138583803592189803e-01
2.499746670162640017e-01
7.985374269276392933e-01
2.509831893370505274e+00
8.983402943304753530e-01
5.856661771476218137e-01
1.813718570064981050e-01
1.165871966884141298e+00
3.234181488889025236e-01
6.515576196126643405e-01
2.278109967798072510e+00
1.500675147844531931e+00
1.083821080750835941e+00
5.594730626402616425e-01
5.350795824547351920e-01
7.201940803785569223e-01
9.509302289693437604e-01
5.440830420879047002e-01
3.807794975460245257e-01
6.115378837477631890e-01
3.637793161205926107e-01
6.200589051580088773e-01
1.867096912794767305e-01
1.143985960983321615e+00
1.000477693169581794e+00
4.015539980440985812e-01
-1.270402252496161399e-01
6.487300897939718425e-01
6.777555676695277143e-01
5.688301497019246922e-01
1.633224906402830079e-01
1.238068632133565439e+00
1.643778071955355746e-01
6.337331546737076104e-01
4.647755875198909536e-01
4.690386088136461185e-01
9.222936493759639198e-01
1.057735237859427357e+00
5.286817945802769758e-01
-2.163381429318388671e-01
5.498641803552625218e-01
9.105353477838670218e-01
1.591668261808952600e+00
7.720731599110285392e-01
9.068603583323336936e-02
7.667401185647991779e-01
1.488339183426692636e-01
6.732325205305526028e-01
3.397937610274245901e-01
7.986978114937491879e-01
3.000876386244168414e-01
1.662264301288780555e-01
6.693093406299447379e-01
1.018968933919351727e+00
9.701533553869766680e-01
-2.782301517340474706e-01
3.818894691307752609e-01
6.315397789678121043e-01
9.238051683324698393e-01
2.898776936588923769e-01
8.934138330452879861e-01
1.171775848148663757e+00
6.876354605917875951e-01
1.402235018199273320e+00
5.013081331133797391e-01
5.618207566447677159e-01
1.181988540106611862e-01
6.603255183606835388e-01
4.349754828299601805e-01
1.214767366091275280e-01
4.306774907903853089e-01
1.135628289998601215e+00
1.061165707148984172e+00
1.698473457691916655e-01
7.273419669524474607e-01
7.292125594792011611e-01
5.632495771709725707e-01
1.014560513328040869e+00
-5.832661692547651544e-01
-3.362787823418737082e-02
1.142990839085452182e+00
5.452857356639662090e-01
7.902054471794107970e-02
4.132636181369940820e-01
3.903296713660642792e-01
5.814113403189896667e-01
6.482847267373461619e-01
-1.719140882980321750e-01
6.535962736555865904e-01
-7.697571122626226670e-01
4.714433158568057114e-01
1.912851031977424177e-01
1.559894151687870635e-02
-3.387299869115887319e-01
1.126759037624070370e+00
1.080303781368987748e+00
1.362633543084115217e+00
3.805745846480338423e-01
1.568036449718180236e+00
5.333516323381319868e-01
8.979958603678027673e-01
6.189181929007033789e-01
5.409434575062177508e-01
1.015448297804628197e+00
6.403900077089821341e-01
5.077730736584921134e-01
1.951539281737441067e+00
1.309748990781406108e-01
-1.303721565789105474e-01
7.541306063789773306e-01
8.549545036615335825e-01
7.434863125273263318e-01
1.653692528059256706e+00
1.231811903680633868e+00
1.765791275231021196e-01
-7.990209542756158134e-01
6.071194423342469726e-01
8.438134134725433499e-01
7.981287105546764904e-01
9.450730337051568286e-01
