4.482759548837021990e-01
1.424617499617131466e+00
4.936057225706984575e-01
4.956011913746612985e-01
8.809137308717671644e-01
1.804446553515330232e+00
1.980012999065838386e+00
7.253378741419787001e-01
2.098254866973381094e-01
1.562241529943447782e-01
-2.338161225964035805e-01
1.328315825927573579e+00
2.543028261882650243e-02
2.454023007169566784e-01
2.436342816653103704e-01
2.759229484891561057e-01
-9.837401248482785521e-02
6.842915463618350902e-01
1.913794597422455723e+00
5.171148799764543336e-01
7.198898852831001616e-01
8.679591786007881948e-01
4.742321339572124206e-01
1.137176277852191220e+00
9.997274240863551764e-01
2.273590559471978523e-01
5.716793282763990014e-01
-5.993946838746316147e-02
1.535817665608201876e+00
3.805624387414085485e-01
1.674154940493872701e-01
1.580910560786618957e+00
1.042936745187853287e+00
9.303279439189803268e-01
1.439887306440173820e+00
5.554768823539709688e-01
5.373104682624699757e-01
4.870908151174555001e-01
9.644952971000075870e-01
1.864329033387172263e+00
1.583735431800831650e+00
1.122628669545999935e+00
2.565941707825685758e-01
2.387633827475042769e-01
3.619777151099796142e-01
3.160466928538452902e-01
3.624096271976040007e-01
3.406544162902711004e-01
3.319248183973123045e-01
3.430543565159431818e-01
-2.047845242054264214e-01
7.325958838000498075e-01
8.331686176754196094e-01
7.057630404056817186e-01
2.574167293159007608e-01
5.278533461756904632e-01
5.985206520382255757e-01
6.990345927902278378e-01
1.454292520583639892e+00
1.755462196711253586e+00
1.132479394652084359e+00
1.049832350730020236e+00
1.853840035086299576e+00
5.344171577116992866e-01
1.849435955610743976e-01
-4.010467691966914661e-01
6.431777766729519508e-01
2.435723869865357993e-01
-1.544031198871071431e-01
-4.512430327114394513e-01
6.750735278711423870e-01
1.207742588985818433e+00
2.224942300052870081e-01
5.791771862160349782e-01
-4.982740573661684769e-01
2.224990943012235822e-01
9.818229794434814306e-02
3.656743495289548895e-01
5.083522022963945508e-01
7.361422863573313657e-01
4.792179331140390408e-01
8.215621325603803538e-01
1.119787876200983412e+00
2.760279705310798581e-01
1.487820672016172185e+00
6.325080529701009313e-01
7.094007226482459405e-01
6.802721708738208584e-01
1.776439949800965590e-01
6.820153974803709884e-01
1.616550836042036199e+00
1.128173271540414913e+00
2.813382457368801548e-01
9.753998588308111506e-01
2.313167731231518531e-01
3.333053513170197713e-01
1.822637103866937558e-01
3.728629639398106654e-01
8.155799674940568400e-02
2.202487303142972863e-01
4.454479639341224484e-01
5.884265210079873132e-01
-2.737732584574909325e-02
1.918284085198540267e-01
9.437594686654062759e-01
8.410880908868577643e-01
5.417700430221653596e-01
7.423769901297820883e-01
1.024369204046533088e+00
4.134751991280167238e-01
-2.260459104609220671e-01
1.879135691327549207e-01
2.475334564881822297e-01
1.017597414131075739e+00
-3.582496228148999984e-02
9.954207284764150510e-01
6.621605878511340748e-01
5.712150011322064680e-01
-1.054772949017294438e-02
1.274407621001751423e+00
1.218061779402843436e+00
2.000890785542467631e-01
1.472659797944885773e-01
4.234479592389169267e-01
6.023285950153641766e-01
8.302421326603253160e-01
6.631471032406723032e-02
7.382514917682680977e-01
3.470051284407251746e-01
1.005159438244808578e+00
5.657017612713317600e-01
1.555823851467468044e+00
7.857729386448095710e-01
9.695150239445253781e-01
1.418314162514160648e+00
5.337152294914793149e-01
2.011738079084408604e-01
1.297580981500245700e+00
4.705096121849750568e-01
6.598960161818800962e-01
-1.103989355546774326e-01
4.666699243030309474e-01
7.257059640540483025e-01
1.408611005598026655e-01
1.643409255380673117e-01
3.793468053204491763e-01
3.981316304085251168e-01
1.243185262533210156e-01
7.821631555434289673e-01
1.751831461161999615e+00
-1.723203214500866054e-01
1.060236933341557997e+00
-9.804421583974351484e-02
3.540167592921121369e-03
8.165769041921969729e-01
5.261463694110068978e-02
5.037264292662574361e-01
2.875085341346082513e-01
9.195949116384783961e-01
7.531107460307057133e-01
2.467679884276099411e-01
2.013323373661253690e+00
1.028400454732707192e-02
2.176884063763105726e+00
2.586757840695396826e+00
4.023565585221249297e-01
8.544401244008091867e-01
5.638245341266249211e-01
