1.547353048526291630e+00
5.607343670084785625e-01
1.363438329985468211e+00
6.265784146652575437e-01
1.899847402797572027e+00
-9.318229904005330411e-02
1.066030999084110142e+00
1.591375887474962614e+00
1.624391240092680988e+00
1.063445842673679920e+00
-1.362561118073210287e-01
4.179008581914837595e-01
3.773246363362988132e-01
8.058839606603269978e-02
1.314347685006887811e+00
7.583883847431641678e-01
1.603369978230384241e-01
1.825030441616421195e-01
2.342813571373822401e-02
1.281459045349840231e+00
6.381846949585298079e-01
8.630135758383864486e-01
5.313899739492943253e-01
9.250704390641363295e-01
8.459902688093313694e-01
3.641529076490100381e-01
6.867319621731640678e-02
2.662025410843461004e-01
4.640852445226850143e-01
1.656286227935137578e-01
1.242689018364262710e+00
3.441423558500948388e-01
3.372946415198936898e-01
5.424265273973088997e-01
3.672716710214361524e-01
1.498490756061993112e+00
2.480563565623244981e-01
7.398076561390398709e-01
5.969391279034651498e-01
1.502400621510797118e-01
1.225506983650660187e-01
-1.613206873504885886e-03
4.868277264919594338e-01
3.407519108955234799e-01
8.570764072714834869e-01
5.147054547173162548e-02
5.099817857652527708e-01
6.693644377252361277e-01
1.845720379166360336e+00
7.214340030023019823e-01
4.586573096624388390e-01
5.400596831258029917e-01
5.356570835521119456e-01
3.730917324162366655e-01
1.881498156026299717e-01
-4.398762024702475987e-02
4.225275547774351992e-01
7.777664458202582232e-01
8.191299636299109732e-01
7.540147215730059749e-01
6.030558196878660349e-01
5.918250432692712115e-01
2.763056486389713906e-01
6.378453873077162273e-01
6.816391403084783862e-01
6.192589636497010108e-01
9.817682865114194524e-01
4.579529261776129068e-01
1.431386378827882666e+00
8.377012154279079859e-01
-1.564479812795439018e-01
1.294891176668043764e+00
5.473003337925234080e-01
9.821914806784566299e-01
-2.139323029459229975e-01
5.829509236077976553e-01
4.737037561629905413e-01
-1.463855372322414583e-01
2.253518519622703387e-01
7.293098265417838899e-01
2.818198335537119292e-01
8.059135474333554150e-01
6.326373674718236417e-01
3.581325629580383030e-01
7.145381390082707895e-01
7.743499062576882919e-01
-4.582802472025693241e-02
3.633877900145364714e-01
-1.787377168666723706e-02
-3.763608584809712259e-03
9.351996538409064197e-01
1.045658264978269747e+00
7.140441445670496767e-01
1.016279334865871187e+00
6.366529466216853672e-01
6.367806313531483298e-01
-1.241303577904242783e-01
8.290781393720217940e-01
8.382783626613139749e-02
3.814359201781966080e-01
3.565695455371764577e-02
6.112059522772295139e-01
5.837569865158477311e-01
-1.596985323305111226e-01
2.935799670063067301e-01
9.848197106910868692e-01
4.409831499670981980e-01
5.139258786925552380e-01
7.704370696854914158e-01
2.614922751436976056e-01
2.901137679745654507e-01
5.351814165010202462e-01
-1.818250423470640087e-01
7.533175946470684892e-01
5.212430577530164921e-01
4.785592516671864916e-01
1.451754388270022345e-01
4.937555144131780538e-01
-1.208895296358324239e-01
7.025754868123796903e-01
5.727853449880275782e-01
2.212448884197131260e-01
3.607780023940498904e-01
2.711010843818467131e-01
8.096655772961807163e-01
1.086375716757301602e+00
5.685739882282548896e-01
1.730855394893949351e+00
7.525713447421648050e-01
3.822557317914149766e-01
9.101057415414715024e-01
4.568978684339154023e-02
8.762842320814643315e-01
9.025575658095825737e-01
1.468056145614486052e+00
-4.376097465798389763e-02
2.922101642750545292e-01
1.005543413098102801e-01
7.010970511990505249e-01
5.075640931267521028e-01
3.750171997882432717e-01
-7.216294022611795256e-02
5.152983543326152827e-01
6.882439241991202827e-01
6.245143380470217220e-01
1.874672787222625869e+00
9.706714273604656329e-01
-4.507655776048527518e-02
6.548250072664661969e-01
5.935952036295916168e-01
-7.075064038921810572e-02
6.480524293762190968e-01
3.745629587894000467e-01
2.825046965541590516e-01
7.439057421352910371e-01
1.691726980589862983e-01
6.971189433202077401e-01
6.766318061691570795e-01
6.302923344928664795e-01
6.358350768484628546e-01
3.290125369208466988e-01
3.902303265201433891e-01
4.458304902783532531e-01
-1.556014287040012878e-01
8.132549508366472280e-01
6.929094288514680011e-01
3.842481931387649596e-01
1.131198470604564132e+00
5.202595532681462132e-01
1.354926641523251755e-02
7.645767981675617442e-01
1.436358376144092064e-01
9.318494071564480397e-01
5.173781399214935073e-01
8.684689589043674829e-01
1.247226117633264131e-01
6.312804692353094979e-03
-2.707687390680711403e-01
1.504389274483677874e-01
4.655768923255111935e-01
5.876901250376639352e-01
2.837170302505186981e-01
-8.046306597340698030e-02
9.123593616180303290e-01
3.878003086229527829e-01
5.585161287805971986e-01
-1.215954841419977783e-01
7.352437202522507098e-01
1.029706452460692256e+00
6.714693037061215675e-01
4.596478111247360721e-01
6.342523392572297913e-01
6.467516769016361244e-02
8.516024293042410154e-01
5.597156511093181325e-02
8.844629515723809732e-01
5.079687505564151051e-01
7.756288100600503554e-01
5.034236259365806321e-01
3.327620377434302446e-02
4.966109255520257948e-01
-1.169820823590599218e-01
7.252476382623400664e-01
1.221339647299562792e+00
7.523014887947554463e-01
5.293161209439188886e-01
-2.669532047078865614e-02
3.887001172945427907e-01
4.499739583918377916e-01
4.145452626376824323e-01
5.588185523222339857e-01
3.743647502379151559e-01
6.261534076904607948e-01
4.637663892850171221e-01
3.059433938526159302e-01
4.692327879759013443e-01
1.573737738841105016e-01
-4.654006624112647789e-02
1.713650353105828694e+00
-1.197927925619376860e-01
5.889013474954444272e-01
8.042847316703496396e-01
-1.092560050010285277e-01
8.166627687188118268e-01
9.538548580375358910e-01
-1.697499189843694467e-01
4.775747489552384373e-01
2.969279617630407042e-01
-9.125989888293307983e-02
-1.389152087573702066e-01
1.094711268615707334e-01
4.271520961018481777e-01
7.348102422653829402e-02
8.082406426368115016e-01
9.590838022507724991e-01
-3.733778835926792605e-01
3.763700542706986396e-01
9.860144544010129852e-01
4.883161497595853717e-01
4.166974965724890567e-01
1.138306815931269034e+00
2.362359576123479687e+00
8.279973238754190223e-01
1.704253656394732808e+00
2.455387298633851245e-01
6.031457906382967638e-01
9.258151651908070878e-01
2.664301371637836091e-01
