2.230746396345617555e+00
3.006680786467329503e-01
5.181928453986647254e-01
1.514743780958073271e+00
2.228713730769323220e+00
1.351708743013270153e+00
7.417858474593294060e-01
4.762472998092473486e-01
3.564262545106079427e-01
2.842845666487962553e-01
7.404566100672210771e-01
8.347683622814625615e-01
1.407326996334444247e-01
6.580399853608176475e-01
3.104837398623816469e-01
4.418138350299996020e-01
1.951468185030047486e-01
-1.438469921532523066e-01
5.404759615295333663e-01
4.154022176620001394e-01
5.970261032002357471e-01
1.145410733728059682e+00
1.608334633217606724e+00
7.973778752796165659e-01
6.963358369159572403e-01
2.929690843887853280e-01
1.291968755565228444e-01
-2.609768358050642244e-03
1.175494719687735223e+00
7.820242432748387706e-01
-2.168686892756275381e-02
6.611611584631847949e-01
5.020443669790017882e-01
7.273912043839744213e-01
1.779735449669297698e-01
-1.678326238482597543e-01
5.459288202544557711e-01
8.770354546204984780e-01
1.782025597483822610e+00
3.481216072419384133e-01
6.248353502707357787e-01
-1.087804581771075890e-01
4.921337928233598946e-01
1.528432373285967261e-01
5.172410791481864001e-01
8.061267258525561807e-01
4.821246581589921920e-01
1.274864644137161607e+00
3.979370589585599638e-01
6.649724013026668823e-01
-2.160188068088490509e-01
1.119640035012716694e+00
3.684023280186977112e-01
3.611899052406727928e-01
4.829258301608668202e-01
3.274036486418702152e-01
3.149443641379636727e-01
6.127434074988242774e-01
5.303778075948033521e-01
5.607273927262415025e-01
1.013020492570891440e+00
1.317437815484862718e+00
7.335882168407726889e-01
6.598877574039793137e-01
3.065328216668906647e-01
1.024083428074969437e-01
6.332751008934407455e-01
1.831597294413041532e-01
2.527128238952089934e-01
6.237960150606292054e-01
7.984816012109990924e-02
1.525656356115320023e+00
-2.196517836454626657e-02
7.297266012214730369e-01
1.414550486219572134e+00
1.610509282093716354e+00
4.978371984511971160e-01
1.305302749673322715e+00
-2.389998710028498272e-02
8.322498959003346020e-01
8.205954731640986433e-01
8.148681059104466717e-01
2.484453187226440263e-01
-2.646087926278999081e-02
1.129264003417846052e+00
1.049640746730834628e+00
6.645983639403399978e-01
1.871054505554585745e-01
-4.806629271653019980e-02
7.174408756555948896e-01
8.050586154417089801e-01
1.015413360558478306e+00
1.269700011984126409e+00
9.763274258245204784e-01
1.123938391981398333e+00
1.683629323968327984e+00
7.231240884916557699e-01
1.965631619282270925e-01
7.058960556579270407e-02
5.144667584545259409e-01
3.041611863576080266e-01
7.010217819458266497e-01
1.026265387857795197e+00
-8.967608766255938391e-02
1.954459751277818902e-01
6.264702581863428321e-01
6.557774777366188745e-01
-5.506925404957383613e-02
1.123413688258315446e+00
2.205052694580562078e-01
-1.467389497630121054e-01
5.978525200650999238e-01
3.860347432044203275e-01
8.904810825910520755e-01
4.190517040952153605e-01
4.093058202858202987e-01
1.031209621315971159e+00
1.111847106674438423e-01
-3.216937514026837475e-01
1.210116723099330382e+00
5.338101875029520604e-01
7.157295718261427186e-01
2.523181487013460567e-01
9.464176494851000987e-02
1.006397560266546032e+00
7.390489191828958360e-01
7.185184380148587069e-01
2.980112400030372477e-01
3.761367643610862288e-01
1.898468030454153743e-01
4.752402917023879625e-01
9.193895581337361289e-01
4.044536858258844236e-01
8.431434926777638950e-01
5.349153793669458867e-01
-3.819905065843845482e-01
5.497399115804310066e-01
-1.269528332813364968e-01
5.145323886313439843e-01
6.718593043295273404e-01
2.957959195253211937e-01
2.245502719627226473e-01
9.200544750267291016e-01
7.573019175455385499e-01
1.709886082038786226e-01
6.048715159506881101e-01
4.373263056396971549e-01
-3.454263361965468349e-01
4.975269912819698659e-01
4.214291794187886575e-01
8.692901611769564968e-03
7.450067944735813130e-01
-1.710807678947385002e-01
2.786078367338221118e-01
9.288017667793636578e-01
1.156168118703785608e-01
7.989890997201517520e-01
1.110406117497779732e+00
6.557104341201220876e-01
-8.605572192303424794e-02
5.455679297241098347e-01
4.608093565050894735e-01
3.785114686674615481e-01
-4.026468502853945003e-02
3.394336422175863177e-01
1.037058478372529846e+00
2.383146130305762167e-01
1.117692382482927460e+00
8.434616747248863122e-01
6.393891322615485873e-01
9.312158268470539513e-01
8.270201338044610995e-02
9.723242304715844497e-01
5.676817889725195299e-01
8.467447614270607881e-01
-2.507268785439167313e-01
3.786016230298498431e-01
1.472142401801838918e-01
6.915424044227573563e-02
5.555741292112593710e-01
6.580222572136213977e-01
-6.335799010224804628e-02
2.181020816551050845e-01
3.604327158456982483e-01
-1.429051274656928383e-02
1.082470386272915697e+00
2.872435846639178059e-01
5.408103881107549915e-01
8.957849976133026582e-01
8.518245829056606544e-01
3.114578248607590694e-01
6.622672900811634733e-01
1.207195434728789207e+00
5.484788378245365470e-01
6.816536665857479971e-01
4.858938043053648292e-01
3.127272332746891537e-01
5.128040731200675939e-01
9.382538078378762636e-01
-1.420127469657966879e-01
2.874873714873507957e+00
1.529323882178250382e-01
2.268477911977170525e+00
2.647616617724831478e+00
1.410333838706857801e+00
8.753063403641420104e-01
-1.259345481315821969e-01
6.021145548046901164e-01
3.116349081123874765e-01
-9.684705149435759997e-02
