-2.480151868670192883e-01
3.549191948398543461e-01
1.748410272573488022e+00
4.560673858595133412e-01
9.575624130128430611e-01
1.130067028835970211e+00
1.352241477092332556e+00
-1.057699172397552845e+00
1.821216323481075205e+00
-3.388196714563712075e-01
2.040789145046989717e+00
5.578684213598780195e-01
1.922303796571959600e+00
1.980374259257897007e+00
-2.420750160806549867e-01
-2.440850437214944213e-01
6.131987199337495253e-01
5.096791930778660218e-01
-3.104181357758685755e-01
7.225895574478984340e-01
1.262192699334561574e+00
4.054309094639829136e-01
1.049069188274961428e+00
4.511272885134320343e-01
3.254217810610975925e-01
3.939884790189337460e-01
7.999520640394945925e-01
6.665565564494946305e-01
2.649857207110521418e-01
2.454137285276299707e+00
1.165847706216209256e-01
-8.880513873337193831e-02
1.122203526446454935e+00
1.633748821881596980e+00
1.038282288842967693e+00
3.803698339318700161e-01
9.718183415011513171e-01
8.387455973370293583e-01
2.096657173376360817e+00
1.669369268345319846e+00
5.586723953247764163e-01
-3.016106668659087053e-01
-3.364384203828467701e-01
6.971973847173672523e-01
3.387696822057232326e-01
3.835965465815643904e-01
4.175101034220556895e-01
9.042100101233878640e-01
8.250820498738155040e-01
-1.855831368211187382e-01
2.115865031651751604e-01
-9.278837276793587552e-02
-2.983153734572453475e-01
2.399652159436907461e-01
4.900120244775145462e-02
3.577444626681945405e-01
5.664225546908243647e-01
4.346982562974102127e-01
1.048711827071418634e+00
1.593084856848001052e-01
7.353846003205342097e-01
2.130190858579962487e+00
6.689722258484891437e-01
2.071880868787621122e+00
1.265153916127011779e+00
3.867997225622752389e-01
2.249050071658511118e+00
4.222188554189669207e-01
2.904646491762292171e-01
5.096740999208907441e-01
4.736591735407654213e-01
1.554858628468328785e+00
1.108363321594967976e+00
8.201287990316370458e-01
3.148206183960860494e-01
5.757808048203105766e-01
3.558976432726372874e-01
-5.173393485748084553e-01
-3.316794970211143223e-01
-2.798954304342495675e-02
1.532072146572352744e-01
1.662546488505234121e+00
1.717780284832801874e+00
4.102265580362587372e-01
1.076642873302670056e+00
3.163571381881324363e-01
3.475758721078382463e-01
-1.955387997489461682e-01
7.315930966199085672e-01
-3.012825447865820176e-03
4.685967449637020166e-01
5.392821185522134186e-01
-1.020061367495915361e+00
8.183694458599274357e-01
2.588032378936530042e-01
1.265155781807502655e-01
3.017861597807200424e-01
2.386366552607216140e-01
1.438292873857739629e+00
6.972737793263296124e-01
3.616170990774084659e-01
1.564961020433173422e+00
5.556753996014193175e-01
-1.523738977366375646e-01
3.749708567831271377e-01
4.994435543676705586e-02
4.214037868277054066e-01
4.094059237620173430e-01
2.969384730961734942e-01
-1.754223255384225813e-02
-8.628518507616647626e-02
5.506231433799290143e-01
4.422429337917810344e-02
1.842927771466405240e-01
5.248830784358080592e-01
1.069798887401599119e+00
1.243583440253790418e+00
1.296764150734353915e+00
-2.076775841981873816e-01
1.806218932436606917e+00
2.064327252775462807e+00
1.671280334494057440e-01
8.441067335678008599e-01
9.759984632275900407e-02
5.225427026936148023e-01
1.957547460744867296e-01
1.958319433319936631e-01
6.347090010705999097e-01
3.689881463403580919e-01
5.041795567386354593e-01
9.713319589582123381e-01
1.025678420568345850e-01
4.206428644009996276e-01
2.114186085300692852e+00
-2.027933075429953769e-02
4.241730857400191068e-01
-8.947837646163792069e-02
9.053880593444513236e-01
1.180942895998744246e+00
1.497569655205249983e+00
-5.613725534346805102e-01
1.552550909955217273e+00
5.386498269067465650e-01
1.504665012909694344e+00
6.249468332041971941e-01
6.447198493936200370e-01
7.114105459207192839e-01
1.498837468854495425e+00
7.089444095134400659e-01
9.041674427118338020e-01
1.555092058198918936e+00
6.960636545035887579e-01
-2.723414628227918133e-01
-5.562430268403922851e-01
1.571219902692111425e+00
1.022192243988648136e-01
1.325687886439886221e+00
1.011130750006445922e+00
1.527484337364775624e-01
2.311328261647245252e+00
7.337383596899995641e-01
6.362778714132634184e-01
1.103766534613632055e+00
3.874949658067754210e-02
7.692422985965297055e-01
7.171370740700203639e-01
7.092757725573559657e-01
7.575152731070209366e-01
2.401224749232409583e-01
3.253886630449194239e-01
1.290044467929359007e+00
-2.358928350513272987e-01
3.554989213915660251e-02
9.299198607986748355e-01
5.777829959811339178e-01
2.316512562601740211e+00
2.475977735051647088e-01
-7.586925685436928246e-01
-5.846150811626996124e-02
1.651079855501688953e-01
1.482344562272625677e+00
-1.207731324353919167e+00
-2.876677989367149579e-01
1.305362089698168804e+00
5.656989407437650330e-01
1.108879031961455125e-01
-3.812355916843019332e-01
9.838860838261362374e-02
1.449581622412956960e+00
1.592815731770854670e+00
-2.766718188365789310e-01
-3.961309217030453134e-01
1.182002291531508487e+00
3.260074117906923141e-01
2.371177542248321390e-01
5.805069512105829332e-01
1.962155610304376685e+00
1.456154741703491240e+00
2.571597730234262413e-01
-8.143117307253495973e-02
1.005821383332978769e-01
7.091008288354672118e-02
2.893594185539805630e-01
1.710627135039152869e+00
1.986014956918988661e+00
7.046352877021282435e-01
4.708219786009248953e-01
8.876704468144139826e-01
1.535588968123870357e+00
6.096996649844101945e-01
-1.391556378144680195e-01
1.582759085945824928e+00
-2.931183674679074466e-02
4.843088769056756449e-01
-1.590492067872921189e-01
1.251661540175666998e-01
