4.952371901329010728e-01
5.093340763645047842e-01
-8.567925012618176073e-01
1.313706180629648612e+00
1.005057997546825455e+00
1.952624676142109550e+00
1.397649141689173868e+00
1.089857479409322094e+00
1.889658413520577396e+00
7.914621610083507619e-01
1.724759221883847005e+00
8.574002411111107946e-01
2.018707694278107478e+00
-6.475602620552611821e-02
1.056133704961713660e+00
1.367506926500297315e-01
1.120915914920701306e+00
1.225630125653932145e+00
-4.106079921229970897e-01
2.824776448367767312e-01
1.782285551927764944e+00
1.080991743142789563e+00
1.369411247017914723e+00
2.608986055543518479e+00
1.350246625916182053e+00
2.012596388308847128e+00
1.718991698624711351e+00
1.425526154601652884e+00
-4.530659649121805965e-01
4.521875591660799443e-01
2.468653494939301030e-01
3.486843834072217430e-01
-3.751966426512305941e-01
-1.186585453744532295e-02
2.365040075006708264e-01
3.218911985616214610e-01
1.336176564626781804e+00
2.096619656481297334e+00
7.659202495982820880e-01
1.117438009033621560e+00
-2.676360783039534175e-01
3.793005697885885041e-01
4.971453567924812300e-01
2.730581165676181365e-01
8.607821861326022672e-01
8.238967192986751398e-01
5.881844462958917275e-01
8.370297087958814553e-01
4.882011015828157663e-01
1.992112112847808925e-01
5.877810424122522637e-01
1.981847830911009689e+00
5.505523678066910342e-01
-1.820009905704961239e-01
1.042516180744301746e+00
7.999893341760935250e-01
-8.770255241051597705e-01
1.154409097273611184e+00
3.031199452197563260e-01
8.002628025766642672e-01
5.314523173341870743e-01
6.490145364393972160e-01
6.581134400257657724e-01
9.611086750420455571e-01
1.317006989573066944e+00
-5.353680616209434140e-01
1.547183476757101328e+00
-7.250155634727546705e-02
4.385913094526359690e-01
1.655039500449097867e+00
-4.400006651945199132e-01
1.202037656495839935e+00
1.341545610852596937e+00
9.412560255981288204e-01
-2.730347186411710703e-01
3.104012526863973997e-01
-5.182667441287899246e-01
-3.059421673320948387e-01
3.314137339327171139e-01
1.136015199180742341e+00
-4.471752754289241016e-01
1.758373702929821869e+00
5.906765417128416740e-01
1.164392964505110761e+00
1.892065508832741161e+00
1.643268043814534396e+00
3.574782271110742427e-01
-1.099262730119658027e+00
5.807738528959672797e-01
7.252054642704962584e-01
8.596604982320794897e-02
1.946371297723719529e+00
2.065085286394114511e-02
5.915617613438609590e-01
6.280153848140141992e-01
1.488607219005281035e+00
-2.294863741936284396e-01
9.173713118430792957e-01
1.057352156841199653e+00
-1.298442440965868749e-01
7.723057568553386432e-01
8.529070906748633663e-01
1.771760626033171138e-01
6.186242180651805311e-01
7.489506676961834586e-01
1.721349050249237012e+00
5.052940157928668130e-01
7.240102796549482411e-01
9.841370365598787195e-01
-2.683783372870311434e-01
2.839940721732880369e-01
8.453305888874818042e-01
1.938652719288060267e+00
4.724718828217868150e-01
1.928044854873048608e-01
-2.424432365472315998e-01
1.254226736857408486e+00
8.651117112011530441e-01
-4.115294688861424466e-01
3.161683742087011972e-01
8.126896435762376303e-01
7.904281168029155813e-01
1.064195144809145566e+00
1.022031873960427495e+00
5.117346694975957178e-01
5.852599748401929869e-01
1.234130829753755654e+00
1.116442627547941768e+00
3.794658787344314943e-01
-2.224679696772482451e-01
5.882337536687037849e-01
1.704729605224620803e-01
1.047379072323074034e+00
3.264514014635130135e+00
-8.919957739368121474e-02
9.601389115229685967e-01
4.710844007250064580e-01
-5.394453432023792461e-01
8.444462930640188603e-01
-1.284868630778756085e-02
-7.689406364733482047e-01
-3.333025146737029765e-01
1.696456952251319761e+00
2.100490785187408560e-01
2.572979191548312450e-01
1.278428903008015594e+00
5.148388377695890528e-01
8.659379263749300559e-01
6.981997140914697475e-01
2.480200603326617514e+00
-5.562608010188869745e-01
8.277855514906482526e-01
1.935325060410498024e-02
-2.755717703803085006e-01
2.089066073093663434e+00
1.306065464897207817e-01
-2.744987122651340594e-01
1.457186629991464866e+00
1.291847884071131158e+00
-6.332830219579101971e-01
1.040817290036271547e+00
7.798213035180591168e-01
1.064367240125481562e+00
2.351902246090642190e-01
1.452568563559922810e-01
1.469674268975874609e-01
8.634079781327635983e-01
1.607151137479746916e+00
