1.908319658146619691e-01
1.066860411870878655e+00
2.110122957485666834e-02
6.456190148883157454e-01
6.112237340524014906e-01
1.515201222087889654e+00
1.441481571637733161e+00
2.573805858310658223e-01
1.864055988211221315e+00
7.786420478371981480e-01
-3.935469012795814181e-02
3.832864364107757549e-01
-4.792239462788309146e-01
1.099529168652579464e-01
1.693270488612892199e+00
4.729849123254546428e-01
-1.952945431889691053e-02
2.193252528590416278e-02
8.671609940788126414e-01
2.146250506518425638e-01
1.776652268778045274e+00
6.009701505433633351e-01
4.797504816039640518e-01
7.972272424375086430e-01
1.097085741143695836e+00
6.660220240694043614e-01
1.890520655062403743e-01
2.312981792242440326e-01
5.218838051484439022e-01
1.179186096621150259e+00
-3.414787830694827886e-02
6.705257486604015993e-02
5.677710892645313479e-01
1.900471313257242167e+00
5.043885801223982890e-01
3.114690364737827677e-01
4.981448833328086523e-02
1.116677175779023923e+00
1.080684862155358639e+00
1.876946806056070394e-01
8.297860752965535713e-01
1.559434705007828603e-01
3.767152746702841920e-02
-1.745765003965107226e-02
9.501782737165348491e-01
5.063129259869610099e-02
4.075657687561885512e-01
6.298922890517368867e-01
1.374647687206503210e+00
6.854029738734989108e-01
3.800035302439780382e-01
4.898350929440046797e-01
4.139035669287515762e-01
9.381251359513695931e-01
6.416856342165353499e-01
5.587605345139602386e-01
4.824523737745693985e-01
6.199572593737097126e-01
1.121055020148177706e+00
1.873063509458038900e-01
4.136047628574218704e-01
1.598563111708788398e+00
3.640565801665170409e-01
1.192955380036804680e+00
6.289572499595657007e-01
1.250159958556811945e+00
8.532170929757726396e-01
-8.050991076696988047e-02
-6.734018101292452152e-02
5.410838083617686145e-01
-7.366917573659837251e-03
1.372027380441618982e+00
3.239049893415585357e-01
1.082113420047603691e+00
5.737233423097119756e-02
2.829594553861760065e-01
1.992071749421695737e+00
-1.066853815282181941e-02
3.623167324576164749e-01
6.651199129312627134e-01
-7.792235805387469350e-02
5.847419343817409354e-01
4.723747504396519359e-01
1.055763352389675669e+00
1.118558504764205042e+00
9.717624270410447629e-01
2.400560449857339629e-01
-4.203880720797692483e-01
3.941565047941887889e-01
7.286210714968679447e-01
5.060983499090704330e-01
1.083777210503771959e+00
-6.454822323687868513e-02
6.313791832533968140e-01
3.781920459120582945e-01
7.541119759591009553e-01
-2.940539406868731276e-01
5.903189458194423311e-01
1.455454981945620285e-01
-1.628888574409228518e-01
2.378266043123697659e-01
9.371301461833846380e-01
-1.463355096902131947e-01
-5.450940751938556650e-01
6.429135949559144914e-01
5.348507931921048231e-01
6.606222851404287555e-01
1.367376221887227850e+00
7.956730794173808574e-01
1.265650291147470408e-01
1.141106943632588661e-01
-6.910187571338628487e-01
2.532414138321094788e-03
6.597073888565422317e-01
1.631190374707609803e-02
3.283525226958401433e-01
5.832156475216822011e-01
4.339097365265349171e-01
-5.294623794624905289e-01
8.610108770506247344e-01
1.009960082197131070e+00
1.954746281258486762e-01
1.057467726967430410e-01
7.024443903713948334e-01
1.029404020731281344e+00
5.447543519432496151e-01
1.244768694191771691e-02
5.883436799666720285e-01
1.241071881535173782e+00
1.332173800351557635e-02
4.392206647582759804e-01
-3.209705382756221879e-03
9.010882584454429356e-01
8.745300844593503209e-01
1.314382521632713852e+00
1.737019616376516973e-01
9.084003911031864886e-01
-5.349175956344189853e-01
5.036755188472633593e-01
5.283574609635480757e-01
9.199557519478093748e-02
5.672082085128850037e-01
7.477283970525816503e-01
1.808492250573912885e-01
5.241019168092945213e-01
8.560734031803000077e-01
1.069601588913047019e+00
-9.876760315179435035e-02
7.610774965815058080e-01
7.461555580849662528e-01
-9.272363573578262796e-02
4.423063389019410985e-01
1.125602525361599993e+00
2.040680322578005690e-01
8.553316925774797630e-01
-1.695960852569703137e-01
1.012465807409939300e+00
7.881537227327916062e-01
1.103021282427881555e+00
3.446057230845099850e-01
2.070222476220817676e+00
1.936710732057830064e+00
3.449227598503938896e-01
1.423849052751120059e+00
6.335863060758563092e-01
1.389931016909423223e+00
1.001480724810820400e-01
4.889159581803361743e-01
