7.311537383727437778e-01
1.261291427137664956e+00
-2.657118800798480285e-01
2.917591038437003514e-01
1.015970603390901283e+00
1.538559897162369960e+00
1.451505787526240487e+00
3.146261918103263611e-01
3.907144865179688065e-01
4.308929721561891024e-01
2.513726507579289726e-01
6.690616459529754589e-01
4.462531736409751093e-01
9.617783734373265558e-02
1.921911042099668648e-02
9.940485679074221315e-01
9.276849844209863472e-01
1.443590911197050852e+00
5.715231667578051233e-01
1.943044403835703926e-01
4.513695068087847928e-01
6.751015905146692253e-01
1.766266796249517546e+00
1.988050608757741644e+00
1.833232617207566806e+00
-3.786157711179107682e-02
3.004254595042359366e-01
4.851021793190961051e-01
2.009878039165831909e-01
4.098160517282718462e-01
2.551542691136563512e-01
1.352018946947975531e+00
6.554321437123584726e-01
4.330689987012597553e-01
6.885127375480384337e-01
1.258210565527828395e+00
4.812036785638295067e-01
1.474489448298405003e+00
1.139239752216459678e+00
4.612629247862626292e-01
1.876509076455633362e+00
9.295218612076287801e-02
7.417422878247563467e-02
3.365905833671268832e-01
8.437064114707059082e-01
-2.033297493901512765e-01
3.086281231952818782e-01
1.700705523240541917e+00
1.003851127921787656e+00
3.005362969484160485e-01
1.497820266664972033e+00
6.089984232144395326e-01
3.857797631636166735e-01
1.658560903747056781e+00
1.891927501839978598e+00
4.223421439449194792e-01
4.137456683706544625e-01
4.807660622442082032e-01
3.784877266440933030e-01
7.432913113264572047e-01
1.815467464841861167e+00
6.029040856392784420e-01
8.303492801165983650e-01
1.820323244395469775e-01
9.127136401728651594e-01
-4.930249873687709838e-01
4.916692415141018513e-01
2.786889303232443771e-01
4.887978834230312652e-01
5.904055759805809656e-01
-1.545982696154139975e-02
1.010620516447469530e+00
1.026690998033518293e-01
8.242708153609221711e-01
2.345553854207417868e-02
1.805720664830889666e+00
6.944850664127842910e-01
2.652732446462869320e-01
3.813662124305781664e-01
1.629761394780695705e+00
6.663399130186388186e-01
9.788389461505351274e-01
8.947915845396468004e-01
7.973533249266615552e-01
6.048378286892898137e-01
8.170860463795334150e-01
4.937857917920850381e-01
2.433254933270888043e-01
1.586487331397739842e-01
4.245786640837876380e-01
5.515731419514137146e-01
1.387965659129824392e+00
3.241813272344391539e-01
5.845395041395978764e-01
5.523319188995298168e-01
6.901950918205099761e-01
4.638630916082369660e-01
4.197645713998077177e-01
1.465552486278881017e-01
1.019538773485483274e+00
2.767989478350034172e-01
1.147898365600661608e+00
3.077897865921657705e-01
6.038946418630092294e-01
6.992370267517250548e-01
6.838739362937727995e-01
1.313780083432858792e+00
7.585805395492931646e-01
4.509904714800314074e-01
3.346755180673538499e-01
5.832950625768282826e-01
3.817496866095090868e-02
5.322273448027443898e-02
2.134630892105016109e+00
2.602944922837931441e-01
7.186844845410977900e-01
1.075230134908170765e+00
6.529379351258165487e-01
1.496868678551676712e+00
7.222632169094793664e-01
2.075456063490465297e+00
-2.705908397207574256e-01
2.747628083041649405e-01
2.433037796427837962e-01
1.013092060404131356e+00
1.017332113472334765e+00
8.725230179855611445e-02
3.282013054636807037e-01
3.270952532817743008e-01
8.022897060216851450e-01
5.508088780716819954e-01
3.426351131554736251e-02
8.902783032871628421e-01
6.315574916165341834e-01
7.273638979975362018e-01
1.548680863284820353e-01
3.716485488264903436e-01
-1.506282130818039078e-01
5.945893577915188910e-01
1.856455862743077168e-01
-3.153383570761187360e-01
6.062767534866979335e-02
9.446477744671624155e-01
6.592334710713541046e-01
5.967053173289159629e-01
1.204677254604084924e+00
6.680277850448163024e-01
-4.953343940439160487e-01
1.032715711045226525e+00
9.510087490692683554e-01
-9.927645304858191688e-02
1.806426820118240406e-01
2.891315107024106656e-01
-2.006516591223067580e-01
5.924325573629164454e-01
8.229726956876503019e-01
4.509090606697588877e-01
1.165604635050612181e+00
3.658411008446218471e-01
6.153659439110680252e-01
-5.180259807007130402e-01
-1.585650739530514719e-01
4.510075779241758953e-01
6.201158398501592506e-02
-3.394837938096300634e-01
1.118970485968838746e+00
3.623056615007525516e-01
8.538286383362245768e-01
